%YAML:1.0
cameraHalfX1: 5.6699999999999995e-001
cameraHalfY1: 3.6599999999999999e-001
