%YAML:1.0
cameraMatrix1: !!opencv-matrix
   rows: 3
   cols: 3
   dt: d
   data: [ 6.3949029256044173e+002, 0., 3.1070631505891390e+002, 0.,
       6.3694013206005548e+002, 2.3455362825059393e+002, 0., 0., 1. ]
distCoeffs1: !!opencv-matrix
   rows: 1
   cols: 5
   dt: d
   data: [ -1.0716428538301015e-003, -6.6540279547256742e-001,
       3.7284163635110655e-003, -4.9842337097812201e-003,
       5.0438653617910267e+000 ]
cameraMatrix2: !!opencv-matrix
   rows: 3
   cols: 3
   dt: d
   data: [ 2.4571266440881507e+003, 0., 3.5152047167005691e+002, 0.,
       1.4513907469991259e+003, 2.0101064205854792e+002, 0., 0., 1. ]
distCoeffs2: !!opencv-matrix
   rows: 1
   cols: 5
   dt: d
   data: [ 2.6189912830722850e-001, -7.5174221871647845e+001,
       -2.2396266319520783e-002, -4.3504198646207989e-003,
       1.6857830890458963e+003 ]
cameraMatrix3: !!opencv-matrix
   rows: 3
   cols: 3
   dt: d
   data: [ 3.4571266440881507e+003, 0., 3.5152047167005691e+002, 0.,
       1.4513907469991259e+003, 2.0101064205854792e+002, 0., 0., 1. ]
distCoeffs3: !!opencv-matrix
   rows: 1
   cols: 5
   dt: d
   data: [3.6189912830722850e-001, -7.5174221871647845e+001,
       -2.2396266319520783e-002, -4.3504198646207989e-003,
       1.6857830890458963e+003 ]
cameraMatrix4: !!opencv-matrix
   rows: 3
   cols: 3
   dt: d
   data: [ 4.4571266440881507e+003, 0., 3.5152047167005691e+002, 0.,
       1.4513907469991259e+003, 2.0101064205854792e+002, 0., 0., 1. ]
distCoeffs4: !!opencv-matrix
   rows: 1
   cols: 5
   dt: d
   data: [ 4.6189912830722850e-001, -7.5174221871647845e+001,
       -2.2396266319520783e-002, -4.3504198646207989e-003,
       1.6857830890458963e+003 ]
cameraMatrix5: !!opencv-matrix
   rows: 3
   cols: 3
   dt: d
   data: [ 5.4571266440881507e+003, 0., 3.5152047167005691e+002, 0.,
       1.4513907469991259e+003, 2.0101064205854792e+002, 0., 0., 1. ]
distCoeffs5: !!opencv-matrix
   rows: 1
   cols: 5
   dt: d
   data: [ 5.6189912830722850e-001, -7.5174221871647845e+001,
       -2.2396266319520783e-002, -4.3504198646207989e-003,
       1.6857830890458963e+003 ]
cameraMatrix6: !!opencv-matrix
   rows: 3
   cols: 3
   dt: d
   data: [ 6.4571266440881507e+003, 0., 3.5152047167005691e+002, 0.,
       1.4513907469991259e+003, 2.0101064205854792e+002, 0., 0., 1. ]
distCoeffs6: !!opencv-matrix
   rows: 1
   cols: 5
   dt: d
   data: [ 6.6189912830722850e-001, -7.5174221871647845e+001,
       -2.2396266319520783e-002, -4.3504198646207989e-003,
       1.6857830890458963e+003 ]
cameraMatrix7: !!opencv-matrix
   rows: 3
   cols: 3
   dt: d
   data: [ 7.4571266440881507e+003, 0., 3.5152047167005691e+002, 0.,
       1.4513907469991259e+003, 2.0101064205854792e+002, 0., 0., 1. ]
distCoeffs7: !!opencv-matrix
   rows: 1
   cols: 5
   dt: d
   data: [ 7.6189912830722850e-001, -7.5174221871647845e+001,
       -2.2396266319520783e-002, -4.3504198646207989e-003,
       1.6857830890458963e+003 ]
cameraMatrix8: !!opencv-matrix
   rows: 3
   cols: 3
   dt: d
   data: [ 8.4571266440881507e+003, 0., 3.5152047167005691e+002, 0.,
       1.4513907469991259e+003, 2.0101064205854792e+002, 0., 0., 1. ]
distCoeffs8: !!opencv-matrix
   rows: 1
   cols: 5
   dt: d
   data: [ 8.6189912830722850e-001, -7.5174221871647845e+001,
       -2.2396266319520783e-002, -4.3504198646207989e-003,
       1.6857830890458963e+003 ]
cameraMatrix9: !!opencv-matrix
   rows: 3
   cols: 3
   dt: d
   data: [ 9.4571266440881507e+003, 0., 3.5152047167005691e+002, 0.,
       1.4513907469991259e+003, 2.0101064205854792e+002, 0., 0., 1. ]
distCoeffs9: !!opencv-matrix
   rows: 1
   cols: 5
   dt: d
   data: [ 9.6189912830722850e-001, -7.5174221871647845e+001,
       -2.2396266319520783e-002, -4.3504198646207989e-003,
       1.6857830890458963e+003 ]
cameraMatrix10: !!opencv-matrix
   rows: 3
   cols: 3
   dt: d
   data: [ 10.4571266440881507e+003, 0., 3.5152047167005691e+002, 0.,
       1.4513907469991259e+003, 2.0101064205854792e+002, 0., 0., 1. ]
distCoeffs10: !!opencv-matrix
   rows: 1
   cols: 5
   dt: d
   data: [ 10.6189912830722850e-001, -7.5174221871647845e+001,
       -2.2396266319520783e-002, -4.3504198646207989e-003,
       1.6857830890458963e+003 ]
cameraMatrix11: !!opencv-matrix
   rows: 3
   cols: 3
   dt: d
   data: [ 11.4571266440881507e+003, 0., 3.5152047167005691e+002, 0.,
       1.4513907469991259e+003, 2.0101064205854792e+002, 0., 0., 1. ]
distCoeffs11: !!opencv-matrix
   rows: 1
   cols: 5
   dt: d
   data: [ 11.6189912830722850e-001, -7.5174221871647845e+001,
       -2.2396266319520783e-002, -4.3504198646207989e-003,
       1.6857830890458963e+003 ]
cameraMatrix12: !!opencv-matrix
   rows: 3
   cols: 3
   dt: d
   data: [ 12.4571266440881507e+003, 0., 3.5152047167005691e+002, 0.,
       1.4513907469991259e+003, 2.0101064205854792e+002, 0., 0., 1. ]
distCoeffs12: !!opencv-matrix
   rows: 1
   cols: 5
   dt: d
   data: [ 12.6189912830722850e-001, -7.5174221871647845e+001,
       -2.2396266319520783e-002, -4.3504198646207989e-003,
       1.6857830890458963e+003 ]
cameraMatrix13: !!opencv-matrix
   rows: 3
   cols: 3
   dt: d
   data: [ 13.4571266440881507e+003, 0., 3.5152047167005691e+002, 0.,
       1.4513907469991259e+003, 2.0101064205854792e+002, 0., 0., 1. ]
distCoeffs13: !!opencv-matrix
   rows: 1
   cols: 5
   dt: d
   data: [13.6189912830722850e-001, -7.5174221871647845e+001,
       -2.2396266319520783e-002, -4.3504198646207989e-003,
       1.6857830890458963e+003 ]
cameraMatrix14: !!opencv-matrix
   rows: 3
   cols: 3
   dt: d
   data: [ 14.4571266440881507e+003, 0., 3.5152047167005691e+002, 0.,
       1.4513907469991259e+003, 2.0101064205854792e+002, 0., 0., 1. ]
distCoeffs14: !!opencv-matrix
   rows: 1
   cols: 5
   dt: d
   data: [ 14.6189912830722850e-001, -7.5174221871647845e+001,
       -2.2396266319520783e-002, -4.3504198646207989e-003,
       1.6857830890458963e+003 ]
cameraMatrix15: !!opencv-matrix
   rows: 3
   cols: 3
   dt: d
   data: [ 15.4571266440881507e+003, 0., 3.5152047167005691e+002, 0.,
       1.4513907469991259e+003, 2.0101064205854792e+002, 0., 0., 1. ]
distCoeffs15: !!opencv-matrix
   rows: 1
   cols: 5
   dt: d
   data: [ 15.6189912830722850e-001, -7.5174221871647845e+001,
       -2.2396266319520783e-002, -4.3504198646207989e-003,
       1.6857830890458963e+003 ]
cameraMatrix16: !!opencv-matrix
   rows: 3
   cols: 3
   dt: d
   data: [ 16.4571266440881507e+003, 0., 3.5152047167005691e+002, 0.,
       1.4513907469991259e+003, 2.0101064205854792e+002, 0., 0., 1. ]
distCoeffs16: !!opencv-matrix
   rows: 1
   cols: 5
   dt: d
   data: [ 16.6189912830722850e-001, -7.5174221871647845e+001,
       -2.2396266319520783e-002, -4.3504198646207989e-003,
       1.6857830890458963e+003 ]
cameraMatrix17: !!opencv-matrix
   rows: 3
   cols: 3
   dt: d
   data: [ 17.4571266440881507e+003, 0., 3.5152047167005691e+002, 0.,
       1.4513907469991259e+003, 2.0101064205854792e+002, 0., 0., 1. ]
distCoeffs17: !!opencv-matrix
   rows: 1
   cols: 5
   dt: d
   data: [ 17.6189912830722850e-001, -7.5174221871647845e+001,
       -2.2396266319520783e-002, -4.3504198646207989e-003,
       1.6857830890458963e+003 ]
cameraMatrix18: !!opencv-matrix
   rows: 3
   cols: 3
   dt: d
   data: [ 18.4571266440881507e+003, 0., 3.5152047167005691e+002, 0.,
       1.4513907469991259e+003, 2.0101064205854792e+002, 0., 0., 1. ]
distCoeffs18: !!opencv-matrix
   rows: 1
   cols: 5
   dt: d
   data: [ 18.6189912830722850e-001, -7.5174221871647845e+001,
       -2.2396266319520783e-002, -4.3504198646207989e-003,
       1.6857830890458963e+003 ]
cameraMatrix19: !!opencv-matrix
   rows: 3
   cols: 3
   dt: d
   data: [ 19.4571266440881507e+003, 0., 3.5152047167005691e+002, 0.,
       1.4513907469991259e+003, 2.0101064205854792e+002, 0., 0., 1. ]
